a) 20
b) 74
c) 89
d)
50021011352
50101111305
50102636355
51011153311
51102573842
52101156863
52110446139
53082806059
53122299122
54020837137
54043010088
55022153432
55110906690
55123128973
56111161549
57073163051
57102202414
58122188027
59031152059
59042989686
59083036077
59110570565
60061144469
60102890107
61032479116
61100157652
61121020469
62033089803
62092569090
63092608644
63102092944
63122755182
64022301455
64040919575
64063159211
65062892381
65092056892
65102086116
66063014631
66100294134
66100651663
66111176164
66113183995
67103111042
67112966668
67113048790
67120749923
68112117597
69030626134
69122174118
70032057433
70053179170
70101195486
70120794633
71093058856
71110410883
71112677514
71123061643
72031096705
73010399576
73070871368
73103000844
73112328551
74040249598
74120284541
74121108598
74123184206
75032006098
75113162747
75121005045
75123199317
76043054555
76043169949
76121186303
76122752028
77072919805
77111084850
77120835871
78011115028
78102945963
78103188695
78123189018
79012564484
79070627831
79101146737
79110673709
81081010863
81101148770
82072219267
83041812338
83041947282
84050694367
84051294894
84051840149
84112185145
85031079443
85052135674
85052568643
85052605175
85111779283
86061995325
86070511185
86070630583
86072032543
86080941169
86081443325
87070895372
87071164662
87072724289
88080204509
88080416256
88080601948
88103032931
88111094545
88120262427
89010293604
89010737704
89011129700
89011581319
89012630357
89020265394
89021468413
89021697637
89022379914
89032143350
89040185241
89040205480
89040633348
89040876453
89041133472
89042620494
89042750933
89052085069
89052295172
89062644823
89081421445
89081519801
89082179879
89082608599
89091482250
89100192752
89102588171
89112466825
89120952161
90053120136
90112004373
91023191330
91032272651
92022716243
92080709353
